789
964
70
481
647
193
126
419
754
693
973
388
401
30
112
920
464
816
229
858
103
444
470
64
390
227
468
81
212
606
51
810
754
865
715
689
383
509
86
451
651
666
890
958
530
805
721
409
419
603
719
904
34
269
417
34
760
178
702
503
797
886
211
827
671
129
947
785
657
663
769
396
986
456
673
41
106
740
963
432
477
798
447
146
767
126
932
727
856
860
39
188
855
225
891
377
661
703
885
161
187
140
664
77
884
167
734
554
329
796
928
477
412
668
43
679
965
636
232
738
956
57
541
496
369
600
243
375
160
938
56
524
707
489
186
998
732
986
981
827
279
719
353
669
8
3
412
463
294
109
915
800
211
999
710
893
770
30
393
496
504
887
508
507
692
938
467
64
874
659
104
945
989
549
54
589
986
23
859
86
912
3
463
768
273
564
854
749
487
824
615
160
317
846
84
849
941
699
457
542
692
550
57
30
408
803
924
394
465
697
499
929
802
139
522
865
852
93
333
649
36
238
775
590
390
173
920
971
145
276
879
826
920
906
601
799
495
185
719
370
408
660
972
989
673
716
195
546
763
249
980
938
657
458
702
342
302
261
429
767
338
676
177
99
556
855
860
909
124
249
287
523
863
57
498
858
173
886
424
572
193
977
41
592
245
647
633
239
724
808
241
838
69
537
673
799
746
490
716
361
45
622
706
120
350
870
273
868
176
757
317
830
74
934
724
334
374
746
907
498
265
280
766
618
300
307
800
970
313
957
982
6
443
101
386
609
425
783
360
882
300
717
82
380
219
473
675
768
64
66
557
802
673
549
695
930
412
315
995
960
432
743
264
245
721
870
467
744
478
725
985
775
868
5
133
322
41
462
235
791
941
528
37
297
803
712
35
788
20
621
639
937
611
738
13
903
807
83
19
489
