16
49
97
40
33
91
56
33
90
65
52
71
15
6
32
46
25
2
15
2
24
47
50
58
7
70
79
81
84
52
78
83
17
30
35
53
85
19
44
20
24
21
95
58
97
20
68
98
100
18
93
23
16
9
44
3
86
40
91
69
23
91
55
44
59
30
21
70
85
59
8
59
87
48
90
8
35
77
68
24
43
15
29
58
66
99
1
25
73
12
21
69
75
12
11
95
57
93
21
95
42
56
6
96
45
65
32
74
21
11
84
23
42
92
14
78
18
27
53
68
62
46
21
75
63
85
77
33
82
63
76
47
78
83
3
11
30
1
56
15
9
18
97
81
39
41
88
39
55
36
4
9
70
93
23
77
1
48
74
100
86
100
77
72
45
46
99
24
68
28
12
24
5
15
32
98
95
88
7
85
56
61
74
55
30
16
40
57
33
36
24
41
27
35
55
62
38
88
75
53
28
1
88
31
36
53
51
60
75
30
4
33
40
48
4
79
76
29
84
97
29
64
5
75
91
29
26
69
84
3
13
30
32
12
42
80
36
69
16
28
75
47
31
94
15
67
45
54
58
33
72
12
87
66
37
14
41
45
29
84
46
25
35
44
57
53
97
18
56
41
85
46
68
81
33
30
87
3
17
85
32
85
82
82
5
38
31
33
44
11
66
27
18
79
68
57
15
56
89
66
31
82
37
5
60
96
99
29
71
94
19
25
96
44
91
51
17
12
7
99
75
12
12
61
83
68
8
69
10
44
93
95
58
1
82
39
13
36
50
93
20
42
60
73
47
69
72
100
18
66
84
69
43
84
90
100
71
62
13
26
36
57
4
57
12
72
54
55
34
48
6
47
33
100
44
53
46
25
47
20
36
40
43
53
30
96
66
88
50
90
54
76
51
60
35
15
68
74
38
59
